(kicad_pcb (version 20171130) (host pcbnew 5.0.0-fee4fd1~66~ubuntu16.04.1)

  (general
    (thickness 1.6)
    (drawings 12)
    (tracks 506)
    (zones 0)
    (modules 40)
    (nets 54)
  )

  (page A4)
  (layers
    (0 F.Cu signal)
    (31 B.Cu signal)
    (32 B.Adhes user)
    (33 F.Adhes user)
    (34 B.Paste user)
    (35 F.Paste user)
    (36 B.SilkS user)
    (37 F.SilkS user)
    (38 B.Mask user)
    (39 F.Mask user)
    (40 Dwgs.User user)
    (41 Cmts.User user)
    (42 Eco1.User user)
    (43 Eco2.User user)
    (44 Edge.Cuts user)
    (45 Margin user)
    (46 B.CrtYd user)
    (47 F.CrtYd user)
    (48 B.Fab user)
    (49 F.Fab user)
  )

  (setup
    (last_trace_width 0.25)
    (user_trace_width 0.4)
    (user_trace_width 0.6)
    (trace_clearance 0.2)
    (zone_clearance 0.2)
    (zone_45_only no)
    (trace_min 0.2)
    (segment_width 0.2)
    (edge_width 0.2)
    (via_size 0.8)
    (via_drill 0.4)
    (via_min_size 0.4)
    (via_min_drill 0.3)
    (user_via 0.45 0.3)
    (uvia_size 0.3)
    (uvia_drill 0.1)
    (uvias_allowed no)
    (uvia_min_size 0.2)
    (uvia_min_drill 0.1)
    (pcb_text_width 0.3)
    (pcb_text_size 1.5 1.5)
    (mod_edge_width 0.15)
    (mod_text_size 1 1)
    (mod_text_width 0.15)
    (pad_size 1.524 1.524)
    (pad_drill 0.762)
    (pad_to_mask_clearance 0.2)
    (aux_axis_origin 0 0)
    (visible_elements FFFFFF7F)
    (pcbplotparams
      (layerselection 0x010fc_ffffffff)
      (usegerberextensions false)
      (usegerberattributes false)
      (usegerberadvancedattributes false)
      (creategerberjobfile false)
      (excludeedgelayer true)
      (linewidth 0.100000)
      (plotframeref false)
      (viasonmask false)
      (mode 1)
      (useauxorigin false)
      (hpglpennumber 1)
      (hpglpenspeed 20)
      (hpglpendiameter 15.000000)
      (psnegative false)
      (psa4output false)
      (plotreference true)
      (plotvalue true)
      (plotinvisibletext false)
      (padsonsilk false)
      (subtractmaskfromsilk false)
      (outputformat 1)
      (mirror false)
      (drillshape 1)
      (scaleselection 1)
      (outputdirectory ""))
  )

  (net 0 "")
  (net 1 /rst)
  (net 2 Earth)
  (net 3 /VPLL)
  (net 4 /VPHY)
  (net 5 /5V_out)
  (net 6 /3.3V)
  (net 7 /1.8V)
  (net 8 "Net-(F1-Pad1)")
  (net 9 /ADBUS0)
  (net 10 /ACBUS0)
  (net 11 /ADBUS1)
  (net 12 /ACBUS1)
  (net 13 /ADBUS2)
  (net 14 /ACBUS2)
  (net 15 /ADBUS3)
  (net 16 /ACBUS3)
  (net 17 /ADBUS4)
  (net 18 /ACBUS4)
  (net 19 /ADBUS5)
  (net 20 /ACBUS5)
  (net 21 /ADBUS6)
  (net 22 /ACBUS6)
  (net 23 /ADBUS7)
  (net 24 /ACBUS7)
  (net 25 /BDBUS0)
  (net 26 /BCBUS0)
  (net 27 /BDBUS1)
  (net 28 /BCBUS1)
  (net 29 /BDBUS2)
  (net 30 /BCBUS2)
  (net 31 /BDBUS3)
  (net 32 /BCBUS3)
  (net 33 /BDBUS4)
  (net 34 /BCBUS4)
  (net 35 /BDBUS5)
  (net 36 /BCBUS5)
  (net 37 /BDBUS6)
  (net 38 /BCBUS6)
  (net 39 /BDBUS7)
  (net 40 /BCBUS7)
  (net 41 /pwren)
  (net 42 /suspend)
  (net 43 /CS)
  (net 44 /CLK)
  (net 45 /Data)
  (net 46 "Net-(R4-Pad2)")
  (net 47 "Net-(R6-Pad2)")
  (net 48 /osci)
  (net 49 /osco)
  (net 50 "Net-(R7-Pad2)")
  (net 51 "Net-(R8-Pad2)")
  (net 52 /DM_N)
  (net 53 /DP_P)

  (net_class Default "This is the default net class."
    (clearance 0.2)
    (trace_width 0.25)
    (via_dia 0.8)
    (via_drill 0.4)
    (uvia_dia 0.3)
    (uvia_drill 0.1)
    (add_net /1.8V)
    (add_net /3.3V)
    (add_net /5V_out)
    (add_net /ACBUS0)
    (add_net /ACBUS1)
    (add_net /ACBUS2)
    (add_net /ACBUS3)
    (add_net /ACBUS4)
    (add_net /ACBUS5)
    (add_net /ACBUS6)
    (add_net /ACBUS7)
    (add_net /ADBUS0)
    (add_net /ADBUS1)
    (add_net /ADBUS2)
    (add_net /ADBUS3)
    (add_net /ADBUS4)
    (add_net /ADBUS5)
    (add_net /ADBUS6)
    (add_net /ADBUS7)
    (add_net /BCBUS0)
    (add_net /BCBUS1)
    (add_net /BCBUS2)
    (add_net /BCBUS3)
    (add_net /BCBUS4)
    (add_net /BCBUS5)
    (add_net /BCBUS6)
    (add_net /BCBUS7)
    (add_net /BDBUS0)
    (add_net /BDBUS1)
    (add_net /BDBUS2)
    (add_net /BDBUS3)
    (add_net /BDBUS4)
    (add_net /BDBUS5)
    (add_net /BDBUS6)
    (add_net /BDBUS7)
    (add_net /CLK)
    (add_net /CS)
    (add_net /DM_N)
    (add_net /DP_P)
    (add_net /Data)
    (add_net /VPHY)
    (add_net /VPLL)
    (add_net /osci)
    (add_net /osco)
    (add_net /pwren)
    (add_net /rst)
    (add_net /suspend)
    (add_net Earth)
    (add_net "Net-(F1-Pad1)")
    (add_net "Net-(R4-Pad2)")
    (add_net "Net-(R6-Pad2)")
    (add_net "Net-(R7-Pad2)")
    (add_net "Net-(R8-Pad2)")
  )

  (module Package_QFP:LQFP-64_10x10mm_P0.5mm (layer F.Cu) (tedit 5BBC892F) (tstamp 5BF03CA0)
    (at 103.8 100.15)
    (descr "64 LEAD LQFP 10x10mm (see MICREL LQFP10x10-64LD-PL-1.pdf)")
    (tags "QFP 0.5")
    (path /5B729FAA)
    (attr smd)
    (fp_text reference U3 (at -5.225 -7.175) (layer F.SilkS)
      (effects (font (size 1 1) (thickness 0.15)))
    )
    (fp_text value FT2232H (at 0 7.2) (layer F.Fab) hide
      (effects (font (size 1 1) (thickness 0.15)))
    )
    (fp_text user %R (at -0.55 0.675) (layer F.Fab)
      (effects (font (size 1 1) (thickness 0.15)))
    )
    (fp_line (start -4 -5) (end 5 -5) (layer F.Fab) (width 0.15))
    (fp_line (start 5 -5) (end 5 5) (layer F.Fab) (width 0.15))
    (fp_line (start 5 5) (end -5 5) (layer F.Fab) (width 0.15))
    (fp_line (start -5 5) (end -5 -4) (layer F.Fab) (width 0.15))
    (fp_line (start -5 -4) (end -4 -5) (layer F.Fab) (width 0.15))
    (fp_line (start -6.45 -6.45) (end -6.45 6.45) (layer F.CrtYd) (width 0.05))
    (fp_line (start 6.45 -6.45) (end 6.45 6.45) (layer F.CrtYd) (width 0.05))
    (fp_line (start -6.45 -6.45) (end 6.45 -6.45) (layer F.CrtYd) (width 0.05))
    (fp_line (start -6.45 6.45) (end 6.45 6.45) (layer F.CrtYd) (width 0.05))
    (fp_line (start -5.175 -5.175) (end -5.175 -4.175) (layer F.SilkS) (width 0.15))
    (fp_line (start 5.175 -5.175) (end 5.175 -4.1) (layer F.SilkS) (width 0.15))
    (fp_line (start 5.175 5.175) (end 5.175 4.1) (layer F.SilkS) (width 0.15))
    (fp_line (start -5.175 5.175) (end -5.175 4.1) (layer F.SilkS) (width 0.15))
    (fp_line (start -5.175 -5.175) (end -4.1 -5.175) (layer F.SilkS) (width 0.15))
    (fp_line (start -5.175 5.175) (end -4.1 5.175) (layer F.SilkS) (width 0.15))
    (fp_line (start 5.175 5.175) (end 4.1 5.175) (layer F.SilkS) (width 0.15))
    (fp_line (start 5.175 -5.175) (end 4.1 -5.175) (layer F.SilkS) (width 0.15))
    (fp_line (start -5.175 -4.175) (end -6.2 -4.175) (layer F.SilkS) (width 0.15))
    (pad 1 smd rect (at -5.7 -3.75) (size 1 0.25) (layers F.Cu F.Paste F.Mask)
      (net 2 Earth))
    (pad 2 smd rect (at -5.7 -3.25) (size 1 0.25) (layers F.Cu F.Paste F.Mask)
      (net 48 /osci))
    (pad 3 smd rect (at -5.7 -2.75) (size 1 0.25) (layers F.Cu F.Paste F.Mask)
      (net 49 /osco))
    (pad 4 smd rect (at -5.7 -2.25) (size 1 0.25) (layers F.Cu F.Paste F.Mask)
      (net 4 /VPHY))
    (pad 5 smd rect (at -5.7 -1.75) (size 1 0.25) (layers F.Cu F.Paste F.Mask)
      (net 2 Earth))
    (pad 6 smd rect (at -5.7 -1.25) (size 1 0.25) (layers F.Cu F.Paste F.Mask)
      (net 47 "Net-(R6-Pad2)"))
    (pad 7 smd rect (at -5.7 -0.75) (size 1 0.25) (layers F.Cu F.Paste F.Mask)
      (net 50 "Net-(R7-Pad2)"))
    (pad 8 smd rect (at -5.7 -0.25) (size 1 0.25) (layers F.Cu F.Paste F.Mask)
      (net 51 "Net-(R8-Pad2)"))
    (pad 9 smd rect (at -5.7 0.25) (size 1 0.25) (layers F.Cu F.Paste F.Mask)
      (net 3 /VPLL))
    (pad 10 smd rect (at -5.7 0.75) (size 1 0.25) (layers F.Cu F.Paste F.Mask)
      (net 2 Earth))
    (pad 11 smd rect (at -5.7 1.25) (size 1 0.25) (layers F.Cu F.Paste F.Mask)
      (net 2 Earth))
    (pad 12 smd rect (at -5.7 1.75) (size 1 0.25) (layers F.Cu F.Paste F.Mask)
      (net 7 /1.8V))
    (pad 13 smd rect (at -5.7 2.25) (size 1 0.25) (layers F.Cu F.Paste F.Mask)
      (net 2 Earth))
    (pad 14 smd rect (at -5.7 2.75) (size 1 0.25) (layers F.Cu F.Paste F.Mask)
      (net 1 /rst))
    (pad 15 smd rect (at -5.7 3.25) (size 1 0.25) (layers F.Cu F.Paste F.Mask)
      (net 2 Earth))
    (pad 16 smd rect (at -5.7 3.75) (size 1 0.25) (layers F.Cu F.Paste F.Mask)
      (net 9 /ADBUS0))
    (pad 17 smd rect (at -3.75 5.7 90) (size 1 0.25) (layers F.Cu F.Paste F.Mask)
      (net 11 /ADBUS1))
    (pad 18 smd rect (at -3.25 5.7 90) (size 1 0.25) (layers F.Cu F.Paste F.Mask)
      (net 13 /ADBUS2))
    (pad 19 smd rect (at -2.75 5.7 90) (size 1 0.25) (layers F.Cu F.Paste F.Mask)
      (net 15 /ADBUS3))
    (pad 20 smd rect (at -2.25 5.7 90) (size 1 0.25) (layers F.Cu F.Paste F.Mask)
      (net 6 /3.3V))
    (pad 21 smd rect (at -1.75 5.7 90) (size 1 0.25) (layers F.Cu F.Paste F.Mask)
      (net 17 /ADBUS4))
    (pad 22 smd rect (at -1.25 5.7 90) (size 1 0.25) (layers F.Cu F.Paste F.Mask)
      (net 19 /ADBUS5))
    (pad 23 smd rect (at -0.75 5.7 90) (size 1 0.25) (layers F.Cu F.Paste F.Mask)
      (net 21 /ADBUS6))
    (pad 24 smd rect (at -0.25 5.7 90) (size 1 0.25) (layers F.Cu F.Paste F.Mask)
      (net 23 /ADBUS7))
    (pad 25 smd rect (at 0.25 5.7 90) (size 1 0.25) (layers F.Cu F.Paste F.Mask)
      (net 2 Earth))
    (pad 26 smd rect (at 0.75 5.7 90) (size 1 0.25) (layers F.Cu F.Paste F.Mask)
      (net 10 /ACBUS0))
    (pad 27 smd rect (at 1.25 5.7 90) (size 1 0.25) (layers F.Cu F.Paste F.Mask)
      (net 12 /ACBUS1))
    (pad 28 smd rect (at 1.75 5.7 90) (size 1 0.25) (layers F.Cu F.Paste F.Mask)
      (net 14 /ACBUS2))
    (pad 29 smd rect (at 2.25 5.7 90) (size 1 0.25) (layers F.Cu F.Paste F.Mask)
      (net 16 /ACBUS3))
    (pad 30 smd rect (at 2.75 5.7 90) (size 1 0.25) (layers F.Cu F.Paste F.Mask)
      (net 18 /ACBUS4))
    (pad 31 smd rect (at 3.25 5.7 90) (size 1 0.25) (layers F.Cu F.Paste F.Mask)
      (net 6 /3.3V))
    (pad 32 smd rect (at 3.75 5.7 90) (size 1 0.25) (layers F.Cu F.Paste F.Mask)
      (net 20 /ACBUS5))
    (pad 33 smd rect (at 5.7 3.75) (size 1 0.25) (layers F.Cu F.Paste F.Mask)
      (net 22 /ACBUS6))
    (pad 34 smd rect (at 5.7 3.25) (size 1 0.25) (layers F.Cu F.Paste F.Mask)
      (net 24 /ACBUS7))
    (pad 35 smd rect (at 5.7 2.75) (size 1 0.25) (layers F.Cu F.Paste F.Mask)
      (net 2 Earth))
    (pad 36 smd rect (at 5.7 2.25) (size 1 0.25) (layers F.Cu F.Paste F.Mask)
      (net 42 /suspend))
    (pad 37 smd rect (at 5.7 1.75) (size 1 0.25) (layers F.Cu F.Paste F.Mask)
      (net 7 /1.8V))
    (pad 38 smd rect (at 5.7 1.25) (size 1 0.25) (layers F.Cu F.Paste F.Mask)
      (net 25 /BDBUS0))
    (pad 39 smd rect (at 5.7 0.75) (size 1 0.25) (layers F.Cu F.Paste F.Mask)
      (net 27 /BDBUS1))
    (pad 40 smd rect (at 5.7 0.25) (size 1 0.25) (layers F.Cu F.Paste F.Mask)
      (net 29 /BDBUS2))
    (pad 41 smd rect (at 5.7 -0.25) (size 1 0.25) (layers F.Cu F.Paste F.Mask)
      (net 31 /BDBUS3))
    (pad 42 smd rect (at 5.7 -0.75) (size 1 0.25) (layers F.Cu F.Paste F.Mask)
      (net 6 /3.3V))
    (pad 43 smd rect (at 5.7 -1.25) (size 1 0.25) (layers F.Cu F.Paste F.Mask)
      (net 33 /BDBUS4))
    (pad 44 smd rect (at 5.7 -1.75) (size 1 0.25) (layers F.Cu F.Paste F.Mask)
      (net 35 /BDBUS5))
    (pad 45 smd rect (at 5.7 -2.25) (size 1 0.25) (layers F.Cu F.Paste F.Mask)
      (net 37 /BDBUS6))
    (pad 46 smd rect (at 5.7 -2.75) (size 1 0.25) (layers F.Cu F.Paste F.Mask)
      (net 39 /BDBUS7))
    (pad 47 smd rect (at 5.7 -3.25) (size 1 0.25) (layers F.Cu F.Paste F.Mask)
      (net 2 Earth))
    (pad 48 smd rect (at 5.7 -3.75) (size 1 0.25) (layers F.Cu F.Paste F.Mask)
      (net 26 /BCBUS0))
    (pad 49 smd rect (at 3.75 -5.7 90) (size 1 0.25) (layers F.Cu F.Paste F.Mask)
      (net 7 /1.8V))
    (pad 50 smd rect (at 3.25 -5.7 90) (size 1 0.25) (layers F.Cu F.Paste F.Mask)
      (net 6 /3.3V))
    (pad 51 smd rect (at 2.75 -5.7 90) (size 1 0.25) (layers F.Cu F.Paste F.Mask)
      (net 2 Earth))
    (pad 52 smd rect (at 2.25 -5.7 90) (size 1 0.25) (layers F.Cu F.Paste F.Mask)
      (net 28 /BCBUS1))
    (pad 53 smd rect (at 1.75 -5.7 90) (size 1 0.25) (layers F.Cu F.Paste F.Mask)
      (net 30 /BCBUS2))
    (pad 54 smd rect (at 1.25 -5.7 90) (size 1 0.25) (layers F.Cu F.Paste F.Mask)
      (net 32 /BCBUS3))
    (pad 55 smd rect (at 0.75 -5.7 90) (size 1 0.25) (layers F.Cu F.Paste F.Mask)
      (net 34 /BCBUS4))
    (pad 56 smd rect (at 0.25 -5.7 90) (size 1 0.25) (layers F.Cu F.Paste F.Mask)
      (net 6 /3.3V))
    (pad 57 smd rect (at -0.25 -5.7 90) (size 1 0.25) (layers F.Cu F.Paste F.Mask)
      (net 36 /BCBUS5))
    (pad 58 smd rect (at -0.75 -5.7 90) (size 1 0.25) (layers F.Cu F.Paste F.Mask)
      (net 38 /BCBUS6))
    (pad 59 smd rect (at -1.25 -5.7 90) (size 1 0.25) (layers F.Cu F.Paste F.Mask)
      (net 40 /BCBUS7))
    (pad 60 smd rect (at -1.75 -5.7 90) (size 1 0.25) (layers F.Cu F.Paste F.Mask)
      (net 41 /pwren))
    (pad 61 smd rect (at -2.25 -5.7 90) (size 1 0.25) (layers F.Cu F.Paste F.Mask)
      (net 45 /Data))
    (pad 62 smd rect (at -2.75 -5.7 90) (size 1 0.25) (layers F.Cu F.Paste F.Mask)
      (net 44 /CLK))
    (pad 63 smd rect (at -3.25 -5.7 90) (size 1 0.25) (layers F.Cu F.Paste F.Mask)
      (net 43 /CS))
    (pad 64 smd rect (at -3.75 -5.7 90) (size 1 0.25) (layers F.Cu F.Paste F.Mask)
      (net 7 /1.8V))
    (model /home/xarlan/git/kicad-packages3D/Package_QFP.3dshapes/HTQFP-64-1EP_10x10mm_P0.5mm_EP8x8mm.step
      (at (xyz 0 0 0))
      (scale (xyz 1 1 1))
      (rotate (xyz 0 0 0))
    )
  )

  (module Capacitor_SMD:C_0805_2012Metric_Pad1.15x1.40mm_HandSolder (layer F.Cu) (tedit 5BBCAFE3) (tstamp 5BF039C9)
    (at 90.64 114.74 180)
    (descr "Capacitor SMD 0805 (2012 Metric), square (rectangular) end terminal, IPC_7351 nominal with elongated pad for handsoldering. (Body size source: https://docs.google.com/spreadsheets/d/1BsfQQcO9C6DZCsRaXUlFlo91Tg2WpOkGARC1WS5S8t0/edit?usp=sharing), generated with kicad-footprint-generator")
    (tags "capacitor handsolder")
    (path /5BC2B564)
    (attr smd)
    (fp_text reference C1 (at -0.05 1.625 180) (layer F.SilkS)
      (effects (font (size 0.8 0.8) (thickness 0.15)))
    )
    (fp_text value 0.1uF/50V (at 0 1.65 180) (layer F.Fab) hide
      (effects (font (size 1 1) (thickness 0.15)))
    )
    (fp_line (start -1 0.6) (end -1 -0.6) (layer F.Fab) (width 0.1))
    (fp_line (start -1 -0.6) (end 1 -0.6) (layer F.Fab) (width 0.1))
    (fp_line (start 1 -0.6) (end 1 0.6) (layer F.Fab) (width 0.1))
    (fp_line (start 1 0.6) (end -1 0.6) (layer F.Fab) (width 0.1))
    (fp_line (start -0.261252 -0.71) (end 0.261252 -0.71) (layer F.SilkS) (width 0.12))
    (fp_line (start -0.261252 0.71) (end 0.261252 0.71) (layer F.SilkS) (width 0.12))
    (fp_line (start -1.85 0.95) (end -1.85 -0.95) (layer F.CrtYd) (width 0.05))
    (fp_line (start -1.85 -0.95) (end 1.85 -0.95) (layer F.CrtYd) (width 0.05))
    (fp_line (start 1.85 -0.95) (end 1.85 0.95) (layer F.CrtYd) (width 0.05))
    (fp_line (start 1.85 0.95) (end -1.85 0.95) (layer F.CrtYd) (width 0.05))
    (fp_text user %R (at 0 0 180) (layer F.Fab)
      (effects (font (size 0.5 0.5) (thickness 0.08)))
    )
    (pad 1 smd roundrect (at -1.025 0 180) (size 1.15 1.4) (layers F.Cu F.Paste F.Mask) (roundrect_rratio 0.217391)
      (net 1 /rst))
    (pad 2 smd roundrect (at 1.025 0 180) (size 1.15 1.4) (layers F.Cu F.Paste F.Mask) (roundrect_rratio 0.217391)
      (net 2 Earth))
    (model /home/xarlan/git/kicad-packages3D/Capacitor_SMD.3dshapes/C_0805_2012Metric.step
      (at (xyz 0 0 0))
      (scale (xyz 1 1 1))
      (rotate (xyz 0 0 0))
    )
  )

  (module Capacitor_Tantalum_SMD:CP_EIA-3216-18_Kemet-A_Pad1.58x1.35mm_HandSolder (layer B.Cu) (tedit 5BBC8BEF) (tstamp 5BF039DC)
    (at 88.05 104.7 270)
    (descr "Tantalum Capacitor SMD Kemet-A (3216-18 Metric), IPC_7351 nominal, (Body size from: http://www.kemet.com/Lists/ProductCatalog/Attachments/253/KEM_TC101_STD.pdf), generated with kicad-footprint-generator")
    (tags "capacitor tantalum")
    (path /5BB8C0F4)
    (attr smd)
    (fp_text reference C2 (at 0 1.75 270) (layer B.SilkS)
      (effects (font (size 0.8 0.8) (thickness 0.15)) (justify mirror))
    )
    (fp_text value 4.7uF/10V (at 0 -1.75 270) (layer B.Fab) hide
      (effects (font (size 1 1) (thickness 0.15)) (justify mirror))
    )
    (fp_line (start 1.6 0.8) (end -1.2 0.8) (layer B.Fab) (width 0.1))
    (fp_line (start -1.2 0.8) (end -1.6 0.4) (layer B.Fab) (width 0.1))
    (fp_line (start -1.6 0.4) (end -1.6 -0.8) (layer B.Fab) (width 0.1))
    (fp_line (start -1.6 -0.8) (end 1.6 -0.8) (layer B.Fab) (width 0.1))
    (fp_line (start 1.6 -0.8) (end 1.6 0.8) (layer B.Fab) (width 0.1))
    (fp_line (start 1.6 0.935) (end -2.485 0.935) (layer B.SilkS) (width 0.12))
    (fp_line (start -2.485 0.935) (end -2.485 -0.935) (layer B.SilkS) (width 0.12))
    (fp_line (start -2.485 -0.935) (end 1.6 -0.935) (layer B.SilkS) (width 0.12))
    (fp_line (start -2.48 -1.05) (end -2.48 1.05) (layer B.CrtYd) (width 0.05))
    (fp_line (start -2.48 1.05) (end 2.48 1.05) (layer B.CrtYd) (width 0.05))
    (fp_line (start 2.48 1.05) (end 2.48 -1.05) (layer B.CrtYd) (width 0.05))
    (fp_line (start 2.48 -1.05) (end -2.48 -1.05) (layer B.CrtYd) (width 0.05))
    (fp_text user %R (at 0 0 270) (layer B.Fab)
      (effects (font (size 0.8 0.8) (thickness 0.12)) (justify mirror))
    )
    (pad 1 smd roundrect (at -1.4375 0 270) (size 1.575 1.35) (layers B.Cu B.Paste B.Mask) (roundrect_rratio 0.185185)
      (net 3 /VPLL))
    (pad 2 smd roundrect (at 1.4375 0 270) (size 1.575 1.35) (layers B.Cu B.Paste B.Mask) (roundrect_rratio 0.185185)
      (net 2 Earth))
    (model /home/xarlan/git/kicad-packages3D/Capacitor_Tantalum_SMD.3dshapes/CP_EIA-3216-12_Kemet-S.wrl
      (at (xyz 0 0 0))
      (scale (xyz 1 1 1))
      (rotate (xyz 0 0 0))
    )
  )

  (module Capacitor_Tantalum_SMD:CP_EIA-3216-18_Kemet-A_Pad1.58x1.35mm_HandSolder (layer B.Cu) (tedit 5BBC9058) (tstamp 5BF039EF)
    (at 81.84 94.81 90)
    (descr "Tantalum Capacitor SMD Kemet-A (3216-18 Metric), IPC_7351 nominal, (Body size from: http://www.kemet.com/Lists/ProductCatalog/Attachments/253/KEM_TC101_STD.pdf), generated with kicad-footprint-generator")
    (tags "capacitor tantalum")
    (path /5BB8C3C1)
    (attr smd)
    (fp_text reference C3 (at 1.18 -1.78 90) (layer B.SilkS)
      (effects (font (size 0.8 0.8) (thickness 0.15)) (justify mirror))
    )
    (fp_text value 4.7uF/10V (at 0 -1.75 90) (layer B.Fab) hide
      (effects (font (size 1 1) (thickness 0.15)) (justify mirror))
    )
    (fp_line (start 1.6 0.8) (end -1.2 0.8) (layer B.Fab) (width 0.1))
    (fp_line (start -1.2 0.8) (end -1.6 0.4) (layer B.Fab) (width 0.1))
    (fp_line (start -1.6 0.4) (end -1.6 -0.8) (layer B.Fab) (width 0.1))
    (fp_line (start -1.6 -0.8) (end 1.6 -0.8) (layer B.Fab) (width 0.1))
    (fp_line (start 1.6 -0.8) (end 1.6 0.8) (layer B.Fab) (width 0.1))
    (fp_line (start 1.6 0.935) (end -2.485 0.935) (layer B.SilkS) (width 0.12))
    (fp_line (start -2.485 0.935) (end -2.485 -0.935) (layer B.SilkS) (width 0.12))
    (fp_line (start -2.485 -0.935) (end 1.6 -0.935) (layer B.SilkS) (width 0.12))
    (fp_line (start -2.48 -1.05) (end -2.48 1.05) (layer B.CrtYd) (width 0.05))
    (fp_line (start -2.48 1.05) (end 2.48 1.05) (layer B.CrtYd) (width 0.05))
    (fp_line (start 2.48 1.05) (end 2.48 -1.05) (layer B.CrtYd) (width 0.05))
    (fp_line (start 2.48 -1.05) (end -2.48 -1.05) (layer B.CrtYd) (width 0.05))
    (fp_text user %R (at 0 0 90) (layer B.Fab)
      (effects (font (size 0.8 0.8) (thickness 0.12)) (justify mirror))
    )
    (pad 1 smd roundrect (at -1.4375 0 90) (size 1.575 1.35) (layers B.Cu B.Paste B.Mask) (roundrect_rratio 0.185185)
      (net 4 /VPHY))
    (pad 2 smd roundrect (at 1.4375 0 90) (size 1.575 1.35) (layers B.Cu B.Paste B.Mask) (roundrect_rratio 0.185185)
      (net 2 Earth))
    (model /home/xarlan/git/kicad-packages3D/Capacitor_Tantalum_SMD.3dshapes/CP_EIA-3216-12_Kemet-S.wrl
      (at (xyz 0 0 0))
      (scale (xyz 1 1 1))
      (rotate (xyz 0 0 0))
    )
  )

  (module Capacitor_Tantalum_SMD:CP_EIA-3216-18_Kemet-A_Pad1.58x1.35mm_HandSolder (layer B.Cu) (tedit 5BBC9DA5) (tstamp 5BF03A02)
    (at 65.75 88.025 270)
    (descr "Tantalum Capacitor SMD Kemet-A (3216-18 Metric), IPC_7351 nominal, (Body size from: http://www.kemet.com/Lists/ProductCatalog/Attachments/253/KEM_TC101_STD.pdf), generated with kicad-footprint-generator")
    (tags "capacitor tantalum")
    (path /5B72BA0B)
    (attr smd)
    (fp_text reference C4 (at 0 1.7 90) (layer B.SilkS)
      (effects (font (size 0.8 0.8) (thickness 0.15)) (justify mirror))
    )
    (fp_text value 4.7uF/10V (at 0 -1.75 270) (layer B.Fab) hide
      (effects (font (size 1 1) (thickness 0.15)) (justify mirror))
    )
    (fp_text user %R (at 0 0 270) (layer B.Fab)
      (effects (font (size 0.8 0.8) (thickness 0.12)) (justify mirror))
    )
    (fp_line (start 2.48 -1.05) (end -2.48 -1.05) (layer B.CrtYd) (width 0.05))
    (fp_line (start 2.48 1.05) (end 2.48 -1.05) (layer B.CrtYd) (width 0.05))
    (fp_line (start -2.48 1.05) (end 2.48 1.05) (layer B.CrtYd) (width 0.05))
    (fp_line (start -2.48 -1.05) (end -2.48 1.05) (layer B.CrtYd) (width 0.05))
    (fp_line (start -2.485 -0.935) (end 1.6 -0.935) (layer B.SilkS) (width 0.12))
    (fp_line (start -2.485 0.935) (end -2.485 -0.935) (layer B.SilkS) (width 0.12))
    (fp_line (start 1.6 0.935) (end -2.485 0.935) (layer B.SilkS) (width 0.12))
    (fp_line (start 1.6 -0.8) (end 1.6 0.8) (layer B.Fab) (width 0.1))
    (fp_line (start -1.6 -0.8) (end 1.6 -0.8) (layer B.Fab) (width 0.1))
    (fp_line (start -1.6 0.4) (end -1.6 -0.8) (layer B.Fab) (width 0.1))
    (fp_line (start -1.2 0.8) (end -1.6 0.4) (layer B.Fab) (width 0.1))
    (fp_line (start 1.6 0.8) (end -1.2 0.8) (layer B.Fab) (width 0.1))
    (pad 2 smd roundrect (at 1.4375 0 270) (size 1.575 1.35) (layers B.Cu B.Paste B.Mask) (roundrect_rratio 0.185185)
      (net 2 Earth))
    (pad 1 smd roundrect (at -1.4375 0 270) (size 1.575 1.35) (layers B.Cu B.Paste B.Mask) (roundrect_rratio 0.185185)
      (net 5 /5V_out))
    (model /home/xarlan/git/kicad-packages3D/Capacitor_Tantalum_SMD.3dshapes/CP_EIA-3216-12_Kemet-S.step
      (at (xyz 0 0 0))
      (scale (xyz 1 1 1))
      (rotate (xyz 0 0 0))
    )
  )

  (module Capacitor_SMD:C_0805_2012Metric_Pad1.15x1.40mm_HandSolder (layer B.Cu) (tedit 5BBC8C11) (tstamp 5BF03A13)
    (at 91.125 104.3 270)
    (descr "Capacitor SMD 0805 (2012 Metric), square (rectangular) end terminal, IPC_7351 nominal with elongated pad for handsoldering. (Body size source: https://docs.google.com/spreadsheets/d/1BsfQQcO9C6DZCsRaXUlFlo91Tg2WpOkGARC1WS5S8t0/edit?usp=sharing), generated with kicad-footprint-generator")
    (tags "capacitor handsolder")
    (path /5BB8C1DE)
    (attr smd)
    (fp_text reference C5 (at 2.725 0.05 270) (layer B.SilkS)
      (effects (font (size 0.8 0.8) (thickness 0.15)) (justify mirror))
    )
    (fp_text value 0.1uF/50V (at 0 -1.65 270) (layer B.Fab) hide
      (effects (font (size 1 1) (thickness 0.15)) (justify mirror))
    )
    (fp_text user %R (at 0 0 270) (layer B.Fab)
      (effects (font (size 0.5 0.5) (thickness 0.08)) (justify mirror))
    )
    (fp_line (start 1.85 -0.95) (end -1.85 -0.95) (layer B.CrtYd) (width 0.05))
    (fp_line (start 1.85 0.95) (end 1.85 -0.95) (layer B.CrtYd) (width 0.05))
    (fp_line (start -1.85 0.95) (end 1.85 0.95) (layer B.CrtYd) (width 0.05))
    (fp_line (start -1.85 -0.95) (end -1.85 0.95) (layer B.CrtYd) (width 0.05))
    (fp_line (start -0.261252 -0.71) (end 0.261252 -0.71) (layer B.SilkS) (width 0.12))
    (fp_line (start -0.261252 0.71) (end 0.261252 0.71) (layer B.SilkS) (width 0.12))
    (fp_line (start 1 -0.6) (end -1 -0.6) (layer B.Fab) (width 0.1))
    (fp_line (start 1 0.6) (end 1 -0.6) (layer B.Fab) (width 0.1))
    (fp_line (start -1 0.6) (end 1 0.6) (layer B.Fab) (width 0.1))
    (fp_line (start -1 -0.6) (end -1 0.6) (layer B.Fab) (width 0.1))
    (pad 2 smd roundrect (at 1.025 0 270) (size 1.15 1.4) (layers B.Cu B.Paste B.Mask) (roundrect_rratio 0.217391)
      (net 2 Earth))
    (pad 1 smd roundrect (at -1.025 0 270) (size 1.15 1.4) (layers B.Cu B.Paste B.Mask) (roundrect_rratio 0.217391)
      (net 3 /VPLL))
    (model /home/xarlan/git/kicad-packages3D/Capacitor_SMD.3dshapes/C_0805_2012Metric.step
      (at (xyz 0 0 0))
      (scale (xyz 1 1 1))
      (rotate (xyz 0 0 0))
    )
  )

  (module Capacitor_SMD:C_0805_2012Metric_Pad1.15x1.40mm_HandSolder (layer B.Cu) (tedit 5BBC90B2) (tstamp 5BF03A24)
    (at 85.21 95.22 90)
    (descr "Capacitor SMD 0805 (2012 Metric), square (rectangular) end terminal, IPC_7351 nominal with elongated pad for handsoldering. (Body size source: https://docs.google.com/spreadsheets/d/1BsfQQcO9C6DZCsRaXUlFlo91Tg2WpOkGARC1WS5S8t0/edit?usp=sharing), generated with kicad-footprint-generator")
    (tags "capacitor handsolder")
    (path /5BB8C4A5)
    (attr smd)
    (fp_text reference C6 (at 1.28 -1.59 90) (layer B.SilkS)
      (effects (font (size 0.8 0.8) (thickness 0.15)) (justify mirror))
    )
    (fp_text value 0.1uF/50V (at 0 -1.65 90) (layer B.Fab) hide
      (effects (font (size 1 1) (thickness 0.15)) (justify mirror))
    )
    (fp_line (start -1 -0.6) (end -1 0.6) (layer B.Fab) (width 0.1))
    (fp_line (start -1 0.6) (end 1 0.6) (layer B.Fab) (width 0.1))
    (fp_line (start 1 0.6) (end 1 -0.6) (layer B.Fab) (width 0.1))
    (fp_line (start 1 -0.6) (end -1 -0.6) (layer B.Fab) (width 0.1))
    (fp_line (start -0.261252 0.71) (end 0.261252 0.71) (layer B.SilkS) (width 0.12))
    (fp_line (start -0.261252 -0.71) (end 0.261252 -0.71) (layer B.SilkS) (width 0.12))
    (fp_line (start -1.85 -0.95) (end -1.85 0.95) (layer B.CrtYd) (width 0.05))
    (fp_line (start -1.85 0.95) (end 1.85 0.95) (layer B.CrtYd) (width 0.05))
    (fp_line (start 1.85 0.95) (end 1.85 -0.95) (layer B.CrtYd) (width 0.05))
    (fp_line (start 1.85 -0.95) (end -1.85 -0.95) (layer B.CrtYd) (width 0.05))
    (fp_text user %R (at 0 0 90) (layer B.Fab)
      (effects (font (size 0.5 0.5) (thickness 0.08)) (justify mirror))
    )
    (pad 1 smd roundrect (at -1.025 0 90) (size 1.15 1.4) (layers B.Cu B.Paste B.Mask) (roundrect_rratio 0.217391)
      (net 4 /VPHY))
    (pad 2 smd roundrect (at 1.025 0 90) (size 1.15 1.4) (layers B.Cu B.Paste B.Mask) (roundrect_rratio 0.217391)
      (net 2 Earth))
    (model /home/xarlan/git/kicad-packages3D/Capacitor_SMD.3dshapes/C_0805_2012Metric.step
      (at (xyz 0 0 0))
      (scale (xyz 1 1 1))
      (rotate (xyz 0 0 0))
    )
  )

  (module Capacitor_SMD:C_0805_2012Metric_Pad1.15x1.40mm_HandSolder (layer B.Cu) (tedit 5BBC9DAC) (tstamp 5BF03A35)
    (at 68.225 87.4 270)
    (descr "Capacitor SMD 0805 (2012 Metric), square (rectangular) end terminal, IPC_7351 nominal with elongated pad for handsoldering. (Body size source: https://docs.google.com/spreadsheets/d/1BsfQQcO9C6DZCsRaXUlFlo91Tg2WpOkGARC1WS5S8t0/edit?usp=sharing), generated with kicad-footprint-generator")
    (tags "capacitor handsolder")
    (path /5B72BB5A)
    (attr smd)
    (fp_text reference C7 (at -0.325 -1.775 90) (layer B.SilkS)
      (effects (font (size 0.8 0.8) (thickness 0.15)) (justify mirror))
    )
    (fp_text value 0.1uF/50V (at 0 -1.65 270) (layer B.Fab) hide
      (effects (font (size 1 1) (thickness 0.15)) (justify mirror))
    )
    (fp_text user %R (at 0 0 270) (layer B.Fab)
      (effects (font (size 0.5 0.5) (thickness 0.08)) (justify mirror))
    )
    (fp_line (start 1.85 -0.95) (end -1.85 -0.95) (layer B.CrtYd) (width 0.05))
    (fp_line (start 1.85 0.95) (end 1.85 -0.95) (layer B.CrtYd) (width 0.05))
    (fp_line (start -1.85 0.95) (end 1.85 0.95) (layer B.CrtYd) (width 0.05))
    (fp_line (start -1.85 -0.95) (end -1.85 0.95) (layer B.CrtYd) (width 0.05))
    (fp_line (start -0.261252 -0.71) (end 0.261252 -0.71) (layer B.SilkS) (width 0.12))
    (fp_line (start -0.261252 0.71) (end 0.261252 0.71) (layer B.SilkS) (width 0.12))
    (fp_line (start 1 -0.6) (end -1 -0.6) (layer B.Fab) (width 0.1))
    (fp_line (start 1 0.6) (end 1 -0.6) (layer B.Fab) (width 0.1))
    (fp_line (start -1 0.6) (end 1 0.6) (layer B.Fab) (width 0.1))
    (fp_line (start -1 -0.6) (end -1 0.6) (layer B.Fab) (width 0.1))
    (pad 2 smd roundrect (at 1.025 0 270) (size 1.15 1.4) (layers B.Cu B.Paste B.Mask) (roundrect_rratio 0.217391)
      (net 2 Earth))
    (pad 1 smd roundrect (at -1.025 0 270) (size 1.15 1.4) (layers B.Cu B.Paste B.Mask) (roundrect_rratio 0.217391)
      (net 5 /5V_out))
    (model /home/xarlan/git/kicad-packages3D/Capacitor_SMD.3dshapes/C_0805_2012Metric.step
      (at (xyz 0 0 0))
      (scale (xyz 1 1 1))
      (rotate (xyz 0 0 0))
    )
  )

  (module Capacitor_Tantalum_SMD:CP_EIA-3216-18_Kemet-A_Pad1.58x1.35mm_HandSolder (layer B.Cu) (tedit 5BBC9F69) (tstamp 5BF03A48)
    (at 68.4 97.2 180)
    (descr "Tantalum Capacitor SMD Kemet-A (3216-18 Metric), IPC_7351 nominal, (Body size from: http://www.kemet.com/Lists/ProductCatalog/Attachments/253/KEM_TC101_STD.pdf), generated with kicad-footprint-generator")
    (tags "capacitor tantalum")
    (path /5B7CBA99)
    (attr smd)
    (fp_text reference C8 (at -0.125 -1.725) (layer B.SilkS)
      (effects (font (size 0.8 0.8) (thickness 0.15)) (justify mirror))
    )
    (fp_text value 4.7uF/10V (at 0 -1.75 180) (layer B.Fab) hide
      (effects (font (size 1 1) (thickness 0.15)) (justify mirror))
    )
    (fp_text user %R (at 0 0) (layer B.Fab)
      (effects (font (size 0.8 0.8) (thickness 0.12)) (justify mirror))
    )
    (fp_line (start 2.48 -1.05) (end -2.48 -1.05) (layer B.CrtYd) (width 0.05))
    (fp_line (start 2.48 1.05) (end 2.48 -1.05) (layer B.CrtYd) (width 0.05))
    (fp_line (start -2.48 1.05) (end 2.48 1.05) (layer B.CrtYd) (width 0.05))
    (fp_line (start -2.48 -1.05) (end -2.48 1.05) (layer B.CrtYd) (width 0.05))
    (fp_line (start -2.485 -0.935) (end 1.6 -0.935) (layer B.SilkS) (width 0.12))
    (fp_line (start -2.485 0.935) (end -2.485 -0.935) (layer B.SilkS) (width 0.12))
    (fp_line (start 1.6 0.935) (end -2.485 0.935) (layer B.SilkS) (width 0.12))
    (fp_line (start 1.6 -0.8) (end 1.6 0.8) (layer B.Fab) (width 0.1))
    (fp_line (start -1.6 -0.8) (end 1.6 -0.8) (layer B.Fab) (width 0.1))
    (fp_line (start -1.6 0.4) (end -1.6 -0.8) (layer B.Fab) (width 0.1))
    (fp_line (start -1.2 0.8) (end -1.6 0.4) (layer B.Fab) (width 0.1))
    (fp_line (start 1.6 0.8) (end -1.2 0.8) (layer B.Fab) (width 0.1))
    (pad 2 smd roundrect (at 1.4375 0 180) (size 1.575 1.35) (layers B.Cu B.Paste B.Mask) (roundrect_rratio 0.185185)
      (net 2 Earth))
    (pad 1 smd roundrect (at -1.4375 0 180) (size 1.575 1.35) (layers B.Cu B.Paste B.Mask) (roundrect_rratio 0.185185)
      (net 6 /3.3V))
    (model /home/xarlan/git/kicad-packages3D/Capacitor_Tantalum_SMD.3dshapes/CP_EIA-3216-12_Kemet-S.step
      (at (xyz 0 0 0))
      (scale (xyz 1 1 1))
      (rotate (xyz 0 0 0))
    )
  )

  (module Capacitor_SMD:C_0805_2012Metric_Pad1.15x1.40mm_HandSolder (layer B.Cu) (tedit 5BBC9F73) (tstamp 5BF03A59)
    (at 68.8 101.525 180)
    (descr "Capacitor SMD 0805 (2012 Metric), square (rectangular) end terminal, IPC_7351 nominal with elongated pad for handsoldering. (Body size source: https://docs.google.com/spreadsheets/d/1BsfQQcO9C6DZCsRaXUlFlo91Tg2WpOkGARC1WS5S8t0/edit?usp=sharing), generated with kicad-footprint-generator")
    (tags "capacitor handsolder")
    (path /5B7CBDBA)
    (attr smd)
    (fp_text reference C9 (at 0.05 -1.675 180) (layer B.SilkS)
      (effects (font (size 0.8 0.8) (thickness 0.15)) (justify mirror))
    )
    (fp_text value 0.1uF/50V (at 0 -1.65 180) (layer B.Fab) hide
      (effects (font (size 1 1) (thickness 0.15)) (justify mirror))
    )
    (fp_line (start -1 -0.6) (end -1 0.6) (layer B.Fab) (width 0.1))
    (fp_line (start -1 0.6) (end 1 0.6) (layer B.Fab) (width 0.1))
    (fp_line (start 1 0.6) (end 1 -0.6) (layer B.Fab) (width 0.1))
    (fp_line (start 1 -0.6) (end -1 -0.6) (layer B.Fab) (width 0.1))
    (fp_line (start -0.261252 0.71) (end 0.261252 0.71) (layer B.SilkS) (width 0.12))
    (fp_line (start -0.261252 -0.71) (end 0.261252 -0.71) (layer B.SilkS) (width 0.12))
    (fp_line (start -1.85 -0.95) (end -1.85 0.95) (layer B.CrtYd) (width 0.05))
    (fp_line (start -1.85 0.95) (end 1.85 0.95) (layer B.CrtYd) (width 0.05))
    (fp_line (start 1.85 0.95) (end 1.85 -0.95) (layer B.CrtYd) (width 0.05))
    (fp_line (start 1.85 -0.95) (end -1.85 -0.95) (layer B.CrtYd) (width 0.05))
    (fp_text user %R (at 0.075 -0.1 180) (layer B.Fab)
      (effects (font (size 0.5 0.5) (thickness 0.08)) (justify mirror))
    )
    (pad 1 smd roundrect (at -1.025 0 180) (size 1.15 1.4) (layers B.Cu B.Paste B.Mask) (roundrect_rratio 0.217391)
      (net 6 /3.3V))
    (pad 2 smd roundrect (at 1.025 0 180) (size 1.15 1.4) (layers B.Cu B.Paste B.Mask) (roundrect_rratio 0.217391)
      (net 2 Earth))
    (model /home/xarlan/git/kicad-packages3D/Capacitor_SMD.3dshapes/C_0805_2012Metric.step
      (at (xyz 0 0 0))
      (scale (xyz 1 1 1))
      (rotate (xyz 0 0 0))
    )
  )

  (module Capacitor_SMD:C_0805_2012Metric_Pad1.15x1.40mm_HandSolder (layer F.Cu) (tedit 5BBC9D48) (tstamp 5BF03A6A)
    (at 83.71 90.14 90)
    (descr "Capacitor SMD 0805 (2012 Metric), square (rectangular) end terminal, IPC_7351 nominal with elongated pad for handsoldering. (Body size source: https://docs.google.com/spreadsheets/d/1BsfQQcO9C6DZCsRaXUlFlo91Tg2WpOkGARC1WS5S8t0/edit?usp=sharing), generated with kicad-footprint-generator")
    (tags "capacitor handsolder")
    (path /5BB8D0DF)
    (attr smd)
    (fp_text reference C10 (at 0.67 -2.49 90) (layer F.SilkS)
      (effects (font (size 0.8 0.8) (thickness 0.15)))
    )
    (fp_text value 0.1uF/50V (at 0 1.65 90) (layer F.Fab) hide
      (effects (font (size 1 1) (thickness 0.15)))
    )
    (fp_line (start -1 0.6) (end -1 -0.6) (layer F.Fab) (width 0.1))
    (fp_line (start -1 -0.6) (end 1 -0.6) (layer F.Fab) (width 0.1))
    (fp_line (start 1 -0.6) (end 1 0.6) (layer F.Fab) (width 0.1))
    (fp_line (start 1 0.6) (end -1 0.6) (layer F.Fab) (width 0.1))
    (fp_line (start -0.261252 -0.71) (end 0.261252 -0.71) (layer F.SilkS) (width 0.12))
    (fp_line (start -0.261252 0.71) (end 0.261252 0.71) (layer F.SilkS) (width 0.12))
    (fp_line (start -1.85 0.95) (end -1.85 -0.95) (layer F.CrtYd) (width 0.05))
    (fp_line (start -1.85 -0.95) (end 1.85 -0.95) (layer F.CrtYd) (width 0.05))
    (fp_line (start 1.85 -0.95) (end 1.85 0.95) (layer F.CrtYd) (width 0.05))
    (fp_line (start 1.85 0.95) (end -1.85 0.95) (layer F.CrtYd) (width 0.05))
    (fp_text user %R (at -0.16 -0.04 90) (layer F.Fab)
      (effects (font (size 0.5 0.5) (thickness 0.08)))
    )
    (pad 1 smd roundrect (at -1.025 0 90) (size 1.15 1.4) (layers F.Cu F.Paste F.Mask) (roundrect_rratio 0.217391)
      (net 6 /3.3V))
    (pad 2 smd roundrect (at 1.025 0 90) (size 1.15 1.4) (layers F.Cu F.Paste F.Mask) (roundrect_rratio 0.217391)
      (net 2 Earth))
    (model /home/xarlan/git/kicad-packages3D/Capacitor_SMD.3dshapes/C_0805_2012Metric.step
      (at (xyz 0 0 0))
      (scale (xyz 1 1 1))
      (rotate (xyz 0 0 0))
    )
  )

  (module Capacitor_SMD:C_0805_2012Metric_Pad1.15x1.40mm_HandSolder (layer B.Cu) (tedit 5BBCAFBB) (tstamp 5BF03A7B)
    (at 68.8 104.975 180)
    (descr "Capacitor SMD 0805 (2012 Metric), square (rectangular) end terminal, IPC_7351 nominal with elongated pad for handsoldering. (Body size source: https://docs.google.com/spreadsheets/d/1BsfQQcO9C6DZCsRaXUlFlo91Tg2WpOkGARC1WS5S8t0/edit?usp=sharing), generated with kicad-footprint-generator")
    (tags "capacitor handsolder")
    (path /5B7CBF25)
    (attr smd)
    (fp_text reference C11 (at 0 -1.625 180) (layer B.SilkS)
      (effects (font (size 0.8 0.8) (thickness 0.15)) (justify mirror))
    )
    (fp_text value 0.1uF/50V (at 0 -1.65 180) (layer B.Fab) hide
      (effects (font (size 1 1) (thickness 0.15)) (justify mirror))
    )
    (fp_line (start -1 -0.6) (end -1 0.6) (layer B.Fab) (width 0.1))
    (fp_line (start -1 0.6) (end 1 0.6) (layer B.Fab) (width 0.1))
    (fp_line (start 1 0.6) (end 1 -0.6) (layer B.Fab) (width 0.1))
    (fp_line (start 1 -0.6) (end -1 -0.6) (layer B.Fab) (width 0.1))
    (fp_line (start -0.261252 0.71) (end 0.261252 0.71) (layer B.SilkS) (width 0.12))
    (fp_line (start -0.261252 -0.71) (end 0.261252 -0.71) (layer B.SilkS) (width 0.12))
    (fp_line (start -1.85 -0.95) (end -1.85 0.95) (layer B.CrtYd) (width 0.05))
    (fp_line (start -1.85 0.95) (end 1.85 0.95) (layer B.CrtYd) (width 0.05))
    (fp_line (start 1.85 0.95) (end 1.85 -0.95) (layer B.CrtYd) (width 0.05))
    (fp_line (start 1.85 -0.95) (end -1.85 -0.95) (layer B.CrtYd) (width 0.05))
    (fp_text user %R (at 0 0 180) (layer B.Fab)
      (effects (font (size 0.5 0.5) (thickness 0.08)) (justify mirror))
    )
    (pad 1 smd roundrect (at -1.025 0 180) (size 1.15 1.4) (layers B.Cu B.Paste B.Mask) (roundrect_rratio 0.217391)
      (net 6 /3.3V))
    (pad 2 smd roundrect (at 1.025 0 180) (size 1.15 1.4) (layers B.Cu B.Paste B.Mask) (roundrect_rratio 0.217391)
      (net 2 Earth))
    (model /home/xarlan/git/kicad-packages3D/Capacitor_SMD.3dshapes/C_0805_2012Metric.step
      (at (xyz 0 0 0))
      (scale (xyz 1 1 1))
      (rotate (xyz 0 0 0))
    )
  )

  (module Capacitor_SMD:C_0805_2012Metric_Pad1.15x1.40mm_HandSolder (layer B.Cu) (tedit 5BBC89ED) (tstamp 5BF03A8C)
    (at 111.44 92.75)
    (descr "Capacitor SMD 0805 (2012 Metric), square (rectangular) end terminal, IPC_7351 nominal with elongated pad for handsoldering. (Body size source: https://docs.google.com/spreadsheets/d/1BsfQQcO9C6DZCsRaXUlFlo91Tg2WpOkGARC1WS5S8t0/edit?usp=sharing), generated with kicad-footprint-generator")
    (tags "capacitor handsolder")
    (path /5B72C774)
    (attr smd)
    (fp_text reference C12 (at 0.125 1.575) (layer B.SilkS)
      (effects (font (size 0.8 0.8) (thickness 0.15)) (justify mirror))
    )
    (fp_text value 3.3uF (at 0 -1.65) (layer B.Fab) hide
      (effects (font (size 1 1) (thickness 0.15)) (justify mirror))
    )
    (fp_text user %R (at 0 0) (layer B.Fab)
      (effects (font (size 0.5 0.5) (thickness 0.08)) (justify mirror))
    )
    (fp_line (start 1.85 -0.95) (end -1.85 -0.95) (layer B.CrtYd) (width 0.05))
    (fp_line (start 1.85 0.95) (end 1.85 -0.95) (layer B.CrtYd) (width 0.05))
    (fp_line (start -1.85 0.95) (end 1.85 0.95) (layer B.CrtYd) (width 0.05))
    (fp_line (start -1.85 -0.95) (end -1.85 0.95) (layer B.CrtYd) (width 0.05))
    (fp_line (start -0.261252 -0.71) (end 0.261252 -0.71) (layer B.SilkS) (width 0.12))
    (fp_line (start -0.261252 0.71) (end 0.261252 0.71) (layer B.SilkS) (width 0.12))
    (fp_line (start 1 -0.6) (end -1 -0.6) (layer B.Fab) (width 0.1))
    (fp_line (start 1 0.6) (end 1 -0.6) (layer B.Fab) (width 0.1))
    (fp_line (start -1 0.6) (end 1 0.6) (layer B.Fab) (width 0.1))
    (fp_line (start -1 -0.6) (end -1 0.6) (layer B.Fab) (width 0.1))
    (pad 2 smd roundrect (at 1.025 0) (size 1.15 1.4) (layers B.Cu B.Paste B.Mask) (roundrect_rratio 0.217391)
      (net 2 Earth))
    (pad 1 smd roundrect (at -1.025 0) (size 1.15 1.4) (layers B.Cu B.Paste B.Mask) (roundrect_rratio 0.217391)
      (net 7 /1.8V))
    (model /home/xarlan/git/kicad-packages3D/Capacitor_SMD.3dshapes/C_0805_2012Metric.step
      (at (xyz 0 0 0))
      (scale (xyz 1 1 1))
      (rotate (xyz 0 0 0))
    )
  )

  (module Capacitor_SMD:C_0805_2012Metric_Pad1.15x1.40mm_HandSolder (layer B.Cu) (tedit 5BBCACEE) (tstamp 5BF03A9D)
    (at 94.1 104.975 270)
    (descr "Capacitor SMD 0805 (2012 Metric), square (rectangular) end terminal, IPC_7351 nominal with elongated pad for handsoldering. (Body size source: https://docs.google.com/spreadsheets/d/1BsfQQcO9C6DZCsRaXUlFlo91Tg2WpOkGARC1WS5S8t0/edit?usp=sharing), generated with kicad-footprint-generator")
    (tags "capacitor handsolder")
    (path /5BB8E29C)
    (attr smd)
    (fp_text reference C13 (at 0.125 -1.575 270) (layer B.SilkS)
      (effects (font (size 0.8 0.8) (thickness 0.15)) (justify mirror))
    )
    (fp_text value 0.1uF/50V (at 0 -1.65 270) (layer B.Fab) hide
      (effects (font (size 1 1) (thickness 0.15)) (justify mirror))
    )
    (fp_text user %R (at 0 0 270) (layer B.Fab)
